0
7264
-6258
1003
8263
-5264
1990
9241
-4297
2945
10183
-3371
3855
11073
-2501
4703
11898
-1700
5477
12644
-983
6165
13301
-359
6755
13857
162
7239
14304
571
7609
14634
861
7859
14843
1028
7985
14927
1071
7985
14885
986
7859
14717
778
7609
14427
447
7239
14018
1
6755
13498
-555
6165
12874
-1212
5477
12156
-1959
4703
11356
-2783
3855
10486
-3674
2945
9560
-4615
1990
8592
-5594
1003
7598
-6593
0
6594
-7597
-1002
5595
-8591
-1989
4616
-9559
-2944
3675
-10485
-3854
2784
-11355
-4702
1960
-12155
-5476
1213
-12873
-6164
556
-13497
-6754
1
-14017
-7238
-446
-14426
-7608
-777
-14716
-7858
-985
-14884
-7984
-1070
-14926
-7984
-1027
-14842
-7858
-860
-14633
-7608
-570
-14303
-7238
-161
-13856
-6754
360
-13300
-6164
984
-12643
-5476
1701
-11897
-4702
2502
-11072
-3854
3372
-10182
-2944
4298
-9240
-1989
5265
-8262
-1002
6259
-7263
0
7264
-6258
1003
8263
-5264
1990
9241
-4297
2945
10183
-3371
3855
11073
-2501
4703
11898
-1700
5477
12644
-983
6165
13301
-359
6755
13857
162
7239
14304
571
7609
14634
861
7859
14843
1028
7985
14927
1071
7985
14885
986
7859
14717
778
7609
14427
447
7239
14018
1
6755
13498
-555
6165
12874
-1212
5477
12156
-1959
4703
11356
-2783
3855
10486
-3674
2945
9560
-4615
1990
8592
-5594
1003
7598
-6593
0
6594
-7597
-1002
5595
-8591
-1989
4616
-9559
-2944
3675
-10485
-3854
2784
-11355
-4702
1960
-12155
-5476
1213
-12873
-6164
556
-13497
-6754
1
-14017
-7238
-446
-14426
-7608
-777
-14716
-7858
-985
-14884
-7984
-1070
-14926
-7984
-1027
-14842
-7858
-860
-14633
-7608
-570
-14303
-7238
-161
-13856
-6754
360
-13300
-6164
984
-12643
-5476
1701
-11897
-4702
2502
-11072
-3854
3372
-10182
-2944
4298
-9240
-1989
5265
-8262
-1002
6259
-7263
0
7264
-6258
1003
8263
-5264
1990
9241
-4297
2945
10183
-3371
3855
11073
-2501
4703
11898
-1700
5477
12644
-983
6165
13301
-359
6755
13857
162
7239
14304
571
7609
14634
861
7859
14843
1028
7985
14927
1071
7985
14885
986
7859
14717
778
7609
14427
447
7239
14018
1
6755
13498
-555
6165
12874
-1212
5477
12156
-1959
4703
11356
-2783
3855
10486
-3674
2945
9560
-4615
1990
8592
-5594
1003
7598
-6593
0
6594
-7597
-1002
5595
-8591
-1989
4616
-9559
-2944
3675
-10485
-3854
2784
-11355
-4702
1960
-12155
-5476
1213
-12873
-6164
556
-13497
-6754
1
-14017
-7238
-446
-14426
-7608
-777
-14716
-7858
-985
-14884
-7984
-1070
-14926
-7984
-1027
-14842
-7858
-860
-14633
-7608
-570
-14303
-7238
-161
-13856
-6754
360
-13300
-6164
984
-12643
-5476
1701
-11897
-4702
2502
-11072
-3854
3372
-10182
-2944
4298
-9240
-1989
5265
-8262
-1002
6259
-7263
0
7264
-6258
1003
8263
-5264
1990
9241
-4297
2945
10183
-3371
3855
11073
-2501
4703
11898
-1700
5477
12644
-983
6165
13301
-359
6755
13857
162
7239
14304
571
7609
14634
861
7859
14843
1028
7985
14927
1071
7985
14885
986
7859
14717
778
7609
14427
447
7239
14018
1
6755
13498
-555
6165
12874
-1212
5477
12156
-1959
4703
11356
-2783
3855
10486
-3674
2945
9560
-4615
1990
8592
-5594
1003
7598
-6593
0
6594
-7597
-1002
5595
-8591
-1989
4616
-9559
-2944
3675
-10485
-3854
2784
-11355
-4702
1960
-12155
-5476
1213
-12873
-6164
556
-13497
-6754
1
-14017
-7238
-446
-14426
-7608
-777
-14716
-7858
-985
-14884
-7984
-1070
-14926
-7984
-1027
-14842
-7858
-860
-14633
-7608
-570
-14303
-7238
-161
-13856
-6754
360
-13300
-6164
984
-12643
-5476
1701
-11897
-4702
2502
-11072
-3854
3372
-10182
-2944
4298
-9240
-1989
5265
-8262
-1002
6259
-7263
0
7264
-6258
1003
8263
-5264
1990
9241
-4297
2945
10183
-3371
3855
11073
-2501
4703
11898
-1700
5477
12644
-983
6165
13301
-359
6755
13857
162
7239
14304
571
7609
14634
861
7859
14843
1028
7985
14927
1071
7985
14885
986
7859
14717
778
7609
14427
447
7239
14018
1
6755
13498
-555
6165
12874
-1212
5477
12156
-1959
4703
11356
-2783
3855
10486
-3674
2945
9560
-4615
1990
8592
-5594
1003
7598
-6593
0
6594
-7597
-1002
5595
-8591
-1989
4616
-9559
-2944
3675
-10485
-3854
2784
-11355
-4702
1960
-12155
-5476
1213
-12873
-6164
556
-13497
-6754
1
-14017
-7238
-446
-14426
-7608
-777
-14716
-7858
-985
-14884
-7984
-1070
-14926
-7984
-1027
-14842
-7858
-860
-14633
-7608
-570
-14303
-7238
-161
-13856
-6754
360
-13300
-6164
984
-12643
-5476
1701
-11897
-4702
2502
-11072
-3854
3372
-10182
-2944
4298
-9240
-1989
5265
-8262
-1002
6259
-7263
0
7264
-6258
1003
8263
-5264
1990
9241
-4297
2945
10183
-3371
3855
11073
-2501
4703
11898
-1700
5477
12644
-983
6165
13301
-359
6755
13857
162
7239
14304
571
7609
14634
861
7859
14843
1028
7985
14927
1071
7985
14885
986
7859
14717
778
7609
14427
447
7239
14018
1
6755
13498
-555
6165
12874
-1212
5477
12156
-1959
4703
11356
-2783
3855
10486
-3674
2945
9560
-4615
1990
8592
-5594
1003
7598
-6593
0
6594
-7597
-1002
5595
-8591
-1989
4616
-9559
-2944
3675
-10485
-3854
2784
-11355
-4702
1960
-12155
-5476
1213
-12873
-6164
556
-13497
-6754
1
-14017
-7238
-446
-14426
-7608
-777
-14716
-7858
-985
-14884
-7984
-1070
-14926
-7984
-1027
-14842
-7858
-860
-14633
-7608
-570
-14303
-7238
-161
-13856
-6754
360
-13300
-6164
984
-12643
-5476
1701
-11897
-4702
2502
-11072
-3854
3372
-10182
-2944
4298
-9240
-1989
5265
-8262
-1002
6259
-7263
0
7264
-6258
1003
8263
-5264
1990
9241
-4297
2945
10183
-3371
3855
11073
-2501
4703
11898
-1700
5477
12644
-983
6165
13301
-359
6755
13857
162
7239
14304
571
7609
14634
861
7859
14843
1028
7985
14927
1071
7985
14885
986
7859
14717
778
7609
14427
447
7239
14018
1
6755
13498
-555
6165
12874
-1212
5477
12156
-1959
4703
11356
-2783
3855
10486
-3674
2945
9560
-4615
1990
8592
-5594
1003
7598
-6593
1
6594
-7597
-1002
5595
-8591
-1989
4616
-9559
-2944
3675
-10485
-3854
2784
-11355
-4702
1960
-12155
-5476
1213
-12873
-6164
556
-13497
-6754
1
-14017
-7238
-446
-14426
-7608
-777
-14716
-7858
-985
-14884
-7984
-1070
-14926
-7984
-1027
-14842
-7858
-860
-14633
-7608
-570
-14303
-7238
